==============================================================================
==============================================================================
Fri. Sep. 18 2020                  LANDSAT 5                       Time: 19:22
                            Image Assessment System
                            GEOMETRIC VERIFY Report
==============================================================================
Order ID: L2                          Path / Row - 196 / 21
Reference Image: terrain_HDF.l1g

Color mapping per rank
----------------------
Rank  1 is Green: total residual <= 0.5
Rank  2 is Cyan: 0.5 < total residual <=  1
Rank  3 is Blue:  1 < total residual <=  2
Rank  4 is Yellow:  2 < total residual <=  3
Rank  5 is Red:  3 < total residual

Percentage of residuals by rank
-------------------------------
Rank   1 -- 99.5%
Rank   2 --  0.5%
Rank   3 --  0.0%
Rank   4 --  0.0%
Rank   5 --  0.0%

       GCP    Latitude    Longitude  Sample   Line     Total    Rank
        ID                           Residual Residual Residual
              (Degree)    (Degree)   (Pixel)  (Pixel)  (Pixel)
----------------------------------------------------------------------
1960210242   56.79472      9.27717     0.08      0.15     0.17     1 
1960210248   56.79364      9.58952     0.06      0.19     0.20     1 
1960210327   56.76607      9.79718     0.11     -0.43     0.44     1 
1960210328   56.76573      9.84920    -0.02      0.18     0.18     1 
1960210330   56.76497      9.95323    -0.07      0.24     0.25     1 
1960210404   56.73895      9.90058    -0.17      0.20     0.26     1 
1960210405   56.73857      9.95256    -0.04     -0.10     0.11     1 
1960210406   56.73816     10.00453    -0.06      0.10     0.12     1 
1960210408   56.73728     10.10848     0.12      0.14     0.19     1 
1960210410   56.73631     10.21242    -0.45      0.11     0.46     1 
1960210412   56.73526     10.31636     0.07      0.27     0.28     1 
1960210466   56.71559      9.22463    -0.00      0.11     0.11     1 
1960210481   56.71175     10.00383     0.07     -0.03     0.08     1 
1960210483   56.71087     10.10770    -0.10      0.07     0.13     1 
1960210484   56.71040     10.15964     0.01      0.04     0.04     1 
1960210485   56.70990     10.21157    -0.01     -0.04     0.04     1 
1960210487   56.70885     10.31543    -0.12     -0.23     0.26     1 
1960210541   56.68918      9.22448     0.02      0.07     0.07     1 
1960210556   56.68534     10.00313     0.21     -0.01     0.21     1 
1960210557   56.68491     10.05503     0.21     -0.12     0.25     1 
1960210558   56.68446     10.10693    -0.10     -0.21     0.24     1 
1960210559   56.68399     10.15883    -0.01      0.02     0.02     1 
1960210560   56.68350     10.21073     0.05     -0.25     0.25     1 
1960210615   56.66285      9.17244     0.09     -0.11     0.15     1 
1960210622   56.66181      9.53558     0.11      0.09     0.14     1 
1960210628   56.66009      9.84682     0.11      0.03     0.11     1 
1960210630   56.65934      9.95056     0.02     -0.03     0.04     1 
1960210631   56.65893     10.00243    -0.14      0.14     0.20     1 
1960210632   56.65850     10.05429    -0.08     -0.09     0.12     1 
1960210633   56.65805     10.10615    -0.08      0.38     0.39     1 
1960210635   56.65709     10.20988     0.23     -0.20     0.30     1 
1960210638   56.65548     10.36545    -0.41      0.02     0.41     1 
1960210691   56.63635      9.22416     0.10     -0.04     0.11     1 
1960210693   56.63612      9.32785    -0.01     -0.15     0.15     1 
1960210694   56.63598      9.37969    -0.11     -0.05     0.12     1 
1960210695   56.63581      9.43153    -0.06      0.22     0.23     1 
1960210697   56.63540      9.53521     0.10     -0.04     0.11     1 
1960210698   56.63517      9.58705     0.13      0.04     0.14     1 
1960210700   56.63464      9.69073     0.22      0.16     0.27     1 
1960210702   56.63402      9.79440     0.01      0.12     0.12     1 
1960210703   56.63368      9.84623     0.07      0.05     0.09     1 
1960210707   56.63209     10.05355     0.10      0.08     0.13     1 
1960210708   56.63165     10.10538     0.42      0.22     0.47     1 
1960210767   56.60983      9.27581    -0.01      0.20     0.20     1 
1960210769   56.60956      9.37942     0.00     -0.04     0.04     1 
1960210770   56.60939      9.43123     0.00     -0.04     0.04     1 
1960210772   56.60899      9.53484    -0.06      0.16     0.18     1 
1960210773   56.60876      9.58664    -0.06      0.04     0.07     1 
1960210781   56.60611     10.00103    -0.28      0.08     0.29     1 
1960210787   56.60323     10.31176     0.02      0.02     0.03     1 
1960210842   56.58342      9.27562    -0.11      0.12     0.17     1 
1960210845   56.58298      9.43093     0.07      0.11     0.13     1 
1960210846   56.58279      9.48270     0.10      0.15     0.18     1 
1960210849   56.58209      9.63800    -0.16      0.33     0.37     1 
1960210850   56.58181      9.68976    -0.31      0.16     0.34     1 
1960210857   56.57928     10.05208     0.23     -0.15     0.27     1 
1960210919   56.55674      9.37890    -0.22      0.07     0.23     1 
1960210923   56.55593      9.58582     0.18      0.03     0.19     1 
1960210925   56.55540      9.68928     0.00      0.25     0.25     1 
1960210990   56.53078      9.17184     0.05      0.13     0.14     1 
1960210991   56.53070      9.22354     0.04      0.22     0.23     1 
1960210992   56.53060      9.27524     0.12      0.11     0.17     1 
1960210994   56.53032      9.37863     0.12     -0.10     0.16     1 
1960210995   56.53016      9.43033     0.03     -0.03     0.04     1 
1960210997   56.52976      9.53372     0.20     -0.04     0.21     1 
1960211014   56.52287     10.41237    -0.12      0.35     0.38     1 
1960211016   56.52166     10.51571     0.00      0.00     0.00     1 
1960211018   56.52035     10.61904     0.01      0.23     0.23     1 
1960211019   56.51967     10.67070     0.24      0.34     0.42     1 
1960211021   56.51824     10.77402     0.30      0.38     0.49     1 
1960211065   56.50437      9.17172     0.05     -0.11     0.12     1 
1960211066   56.50429      9.22338     0.25      0.03     0.25     1 
1960211067   56.50418      9.27505     0.07      0.08     0.11     1 
1960211069   56.50391      9.37837     0.25     -0.14     0.29     1 
1960211079   56.50126      9.89494     0.07     -0.05     0.08     1 
1960211091   56.49525     10.51466     0.03      0.14     0.15     1 
1960211092   56.49461     10.56629     0.12      0.09     0.15     1 
1960211093   56.49395     10.61792     0.28     -0.05     0.28     1 
1960211094   56.49327     10.66954     0.05      0.21     0.22     1 
1960211095   56.49256     10.72117     0.08      0.18     0.20     1 
1960211098   56.49032     10.87603    -0.01     -0.37     0.37     1 
1960211142   56.47777      9.27486    -0.00     -0.12     0.12     1 
1960211144   56.47750      9.37811     0.11     -0.13     0.17     1 
1960211150   56.47617      9.68784     0.17     -0.01     0.17     1 
1960211152   56.47555      9.79108     0.03      0.02     0.04     1 
1960211153   56.47521      9.84270     0.03      0.07     0.08     1 
1960211154   56.47485      9.89432     0.04      0.10     0.11     1 
1960211156   56.47407      9.99755    -0.07     -0.03     0.08     1 
1960211158   56.47319     10.10077     0.32      0.13     0.34     1 
1960211160   56.47224     10.20399    -0.13      0.27     0.30     1 
1960211166   56.46885     10.51361    -0.19      0.38     0.42     1 
1960211167   56.46821     10.56520     0.14      0.16     0.21     1 
1960211168   56.46755     10.61679    -0.16      0.30     0.34     1 
1960211215   56.45154      9.17148     0.15     -0.00     0.15     1 
1960211220   56.45092      9.42943    -0.01      0.03     0.03     1 
1960211223   56.45029      9.58420    -0.05     -0.14     0.15     1 
1960211224   56.45003      9.63578     0.19     -0.15     0.24     1 
1960211225   56.44976      9.68737     0.12     -0.04     0.12     1 
1960211226   56.44946      9.73895    -0.18     -0.12     0.22     1 
1960211227   56.44914      9.79054     0.01      0.08     0.08     1 
1960211230   56.44806      9.94528     0.04      0.15     0.15     1 
1960211231   56.44766      9.99686    -0.07      0.02     0.08     1 
1960211238   56.44423     10.35786     0.13      0.09     0.16     1 
1960211239   56.44366     10.40943     0.05      0.00     0.06     1 
1960211240   56.44306     10.46099     0.19      0.27     0.33     1 
1960211241   56.44244     10.51256     0.16      0.23     0.28     1 
1960211242   56.44181     10.56411     0.23     -0.00     0.23     1 
1960211243   56.44114     10.61567     0.02      0.17     0.17     1 
1960211290   56.42513      9.17136     0.06      0.14     0.15     1 
1960211291   56.42505      9.22292     0.02     -0.01     0.02     1 
1960211292   56.42494      9.27447     0.40     -0.11     0.41     1 
1960211294   56.42467      9.37758    -0.13      0.17     0.22     1 
1960211295   56.42450      9.42914     0.09     -0.11     0.14     1 
1960211300   56.42334      9.68689    -0.25     -0.14     0.28     1 
1960211314   56.41725     10.40845     0.12      0.02     0.12     1 
1960211315   56.41666     10.45998    -0.06      0.09     0.11     1 
1960211316   56.41604     10.51151    -0.01     -0.01     0.01     1 
1960211363   56.39881      9.06821    -0.01      0.02     0.02     1 
1960211365   56.39871      9.17125    -0.06      0.01     0.06     1 
1960211366   56.39863      9.22277     0.01     -0.03     0.03     1 
1960211367   56.39853      9.27428     0.05      0.07     0.09     1 
1960211368   56.39840      9.32580     0.03      0.04     0.05     1 
1960211369   56.39826      9.37732     0.09      0.05     0.10     1 
1960211370   56.39809      9.42884     0.00     -0.07     0.07     1 
1960211372   56.39769      9.53187     0.07     -0.00     0.07     1 
1960211376   56.39664      9.73793     0.15      0.04     0.16     1 
1960211377   56.39632      9.78944    -0.04      0.05     0.07     1 
1960211378   56.39598      9.84095     0.23      0.03     0.23     1 
1960211389   56.39085     10.40748    -0.05     -0.06     0.08     1 
1960211391   56.38963     10.51046     0.39      0.05     0.40     1 
1960211395   56.38696     10.71640    -0.14     -0.07     0.15     1 
1960211399   56.38393     10.92230     0.03      0.12     0.12     1 
1960211438   56.37240      9.06816     0.18     -0.07     0.19     1 
1960211439   56.37236      9.11964     0.14     -0.03     0.14     1 
1960211440   56.37230      9.17113     0.26      0.16     0.31     1 
1960211442   56.37212      9.27409     0.03     -0.10     0.10     1 
1960211443   56.37199      9.32558     0.13      0.00     0.13     1 
1960211445   56.37168      9.42854    -0.06     -0.12     0.13     1 
1960211449   56.37080      9.63446     0.17     -0.09     0.20     1 
1960211450   56.37052      9.68594    -0.01     -0.05     0.05     1 
1960211464   56.36444     10.40650     0.01     -0.03     0.03     1 
1960211465   56.36385     10.45796     0.11      0.00     0.11     1 
1960211466   56.36323     10.50942     0.08     -0.00     0.08     1 
1960211467   56.36259     10.56087     0.04     -0.03     0.05     1 
1960211474   56.35753     10.92097     0.04     -0.16     0.16     1 
1960211512   56.34600      9.01666     0.12     -0.17     0.21     1 
1960211522   56.34487      9.53114    -0.00      0.16     0.16     1 
1960211523   56.34463      9.58258    -0.03      0.01     0.03     1 
1960211530   56.34242      9.94266    -0.16     -0.03     0.16     1 
1960211538   56.33861     10.35411     0.32     -0.03     0.32     1 
1960211541   56.33682     10.50837     0.23     -0.33     0.40     1 
1960211542   56.33619     10.55979     0.13      0.03     0.13     1 
1960211587   56.31959      9.01665    -0.13     -0.46     0.47     1 
1960211588   56.31957      9.06807     0.07     -0.10     0.12     1 
1960211589   56.31953      9.11948     0.10     -0.05     0.11     1 
1960211593   56.31916      9.32513     0.41     -0.13     0.43     1 
1960211596   56.31866      9.47936     0.38     -0.23     0.45     1 
1960211597   56.31845      9.53077     0.04      0.00     0.04     1 
1960211598   56.31822      9.58218     0.10     -0.09     0.14     1 
1960211599   56.31797      9.63359    -0.13     -0.20     0.24     1 
1960211612   56.31275     10.30179     0.37     -0.16     0.40     1 
1960211616   56.31042     10.50733     0.21      0.16     0.26     1 
1960211617   56.30978     10.55871     0.06     -0.00     0.06     1 
1960211618   56.30913     10.61009     0.14     -0.04     0.14     1 
1960211623   56.30552     10.86696    -0.03      0.33     0.33     1 
1960211663   56.29316      9.06802    -0.09     -0.12     0.15     1 
1960211664   56.29312      9.11940    -0.10     -0.17     0.20     1 
1960211665   56.29306      9.17077     0.12     -0.10     0.15     1 
1960211666   56.29298      9.22215     0.09      0.07     0.11     1 
1960211667   56.29287      9.27353     0.33     -0.11     0.35     1 
1960211689   56.28522     10.40359     0.01      0.04     0.04     1 
1960211690   56.28463     10.45495     0.17      0.10     0.20     1 
1960211691   56.28401     10.50629     0.35      0.29     0.46     1 
1960211693   56.28272     10.60898     0.12     -0.10     0.16     1 
1960211694   56.28204     10.66033     0.08      0.12     0.14     1 
1960211695   56.28135     10.71167     0.12      0.09     0.15     1 
1960211696   56.28063     10.76300     0.37     -0.02     0.37     1 
1960211697   56.27988     10.81434     0.26      0.13     0.30     1 
1960211738   56.26674      9.06797     0.14     -0.36     0.38     1 
1960211739   56.26670      9.11931     0.04     -0.04     0.06     1 
1960211741   56.26656      9.22200     0.09     -0.03     0.09     1 
1960211742   56.26646      9.27334    -0.02     -0.03     0.04     1 
1960211746   56.26584      9.47870     0.12      0.23     0.26     1 
1960211747   56.26563      9.53004     0.16      0.04     0.16     1 
1960211748   56.26540      9.58137     0.05     -0.04     0.07     1 
1960211749   56.26514      9.63271     0.20     -0.07     0.21     1 
1960211753   56.26392      9.83805     0.07     -0.07     0.10     1 
1960211763   56.25939     10.35131    -0.03      0.06     0.07     1 
1960211766   56.25761     10.50526     0.16     -0.01     0.16     1 
1960211768   56.25632     10.60788     0.07      0.02     0.07     1 
1960211769   56.25564     10.65918     0.03      0.03     0.04     1 
1960211770   56.25494     10.71049     0.03      0.16     0.17     1 
1960211814   56.24029      9.11923     0.43     -0.12     0.45     1 
1960211816   56.24015      9.22184    -0.00      0.04     0.04     1 
1960211817   56.24005      9.27315     0.15     -0.12     0.19     1 
1960211818   56.23992      9.32446    -0.03     -0.31     0.31     1 
1960211821   56.23942      9.47837     0.09      0.30     0.31     1 
1960211823   56.23898      9.58098     0.05      0.02     0.05     1 
1960211825   56.23846      9.68358     0.20      0.04     0.20     1 
1960211830   56.23678      9.94007     0.10      0.28     0.30     1 
1960211837   56.23353     10.29910    -0.05      0.06     0.07     1 
1960211840   56.23182     10.45294    -0.05      0.17     0.18     1 
1960211842   56.23057     10.55550     0.04     -0.02     0.04     1 
1960211843   56.22991     10.60677    -0.10      0.17     0.20     1 
1960211844   56.22924     10.65804     0.29      0.15     0.32     1 
1960211845   56.22854     10.70931     0.06     -0.02     0.06     1 
1960211864   56.21125     11.68291    -0.03      0.00     0.03     1 
1960211887   56.21393      9.01661    -0.01     -0.01     0.02     1 
1960211890   56.21381      9.17042    -0.10      0.03     0.10     1 
1960211891   56.21373      9.22169     0.08      0.04     0.09     1 
1960211892   56.21363      9.27296     0.43     -0.27     0.51     2 
1960211893   56.21351      9.32423     0.10      0.05     0.11     1 
1960211894   56.21336      9.37550     0.09     -0.08     0.12     1 
1960211900   56.21205      9.68311     0.06     -0.15     0.16     1 
1960211912   56.20712     10.29820     0.09      0.01     0.09     1 
1960211913   56.20657     10.34945     0.18      0.28     0.33     1 
1960211914   56.20600     10.40070     0.19      0.06     0.20     1 
1960211915   56.20541     10.45194     0.32      0.12     0.34     1 
1960211916   56.20480     10.50319     0.21     -0.03     0.22     1 
1960211917   56.20416     10.55443     0.42      0.07     0.43     1 
1960211920   56.20214     10.70814     0.12      0.07     0.14     1 
1960211967   56.18722      9.27277     0.13     -0.21     0.25     1 
1960211968   56.18709      9.32401     0.15     -0.02     0.15     1 
1960211969   56.18695      9.37524     0.23      0.12     0.26     1 
1960211970   56.18678      9.42648     0.04     -0.17     0.17     1 
1960211972   56.18639      9.52895     0.12      0.13     0.17     1 
1960211973   56.18616      9.58018     0.13     -0.02     0.13     1 
1960211974   56.18590      9.63141     0.17     -0.08     0.19     1 
1960211981   56.18355      9.99000     0.27      0.19     0.33     1 
1960211986   56.18124     10.24610     0.13      0.20     0.24     1 
1960211990   56.17900     10.45095     0.14     -0.13     0.19     1 
1960211991   56.17839     10.50215     0.06     -0.10     0.11     1 
1960211994   56.17643     10.65576    -0.13      0.01     0.13     1 
1960211995   56.17573     10.70696     0.14     -0.30     0.33     1 
1960212035   56.16107      8.91418     0.04     -0.08     0.08     1 
1960212044   56.16053      9.37499     0.05     -0.16     0.17     1 
1960212046   56.16018      9.47738    -0.06      0.13     0.14     1 
1960212047   56.15997      9.52858    -0.01      0.01     0.02     1 
1960212048   56.15974      9.57978    -0.09     -0.10     0.13     1 
1960212049   56.15949      9.63097    -0.02     -0.16     0.16     1 
1960212050   56.15922      9.68217    -0.02      0.03     0.04     1 
1960212051   56.15893      9.73336     0.13     -0.07     0.15     1 
1960212060   56.15533     10.19406     0.13     -0.01     0.13     1 
1960212066   56.15199     10.50112     0.17     -0.19     0.25     1 
1960212070   56.14933     10.70579     0.28      0.18     0.33     1 
1960212115   56.13457      9.17007    -0.09     -0.05     0.10     1 
1960212120   56.13395      9.42589     0.10      0.11     0.15     1 
1960212121   56.13377      9.47706     0.07      0.01     0.07     1 
1960212122   56.13356      9.52822     0.05     -0.05     0.07     1 
1960212123   56.13333      9.57938    -0.05     -0.10     0.11     1 
1960212124   56.13308      9.63054     0.03     -0.10     0.10     1 
1960212125   56.13281      9.68170     0.08      0.19     0.21     1 
1960212131   56.13073      9.98864     0.14     -0.16     0.21     1 
1960212135   56.12893     10.19324    -0.02     -0.01     0.02     1 
1960212189   56.10821      9.11882     0.05      0.03     0.05     1 
1960212191   56.10807      9.22108     0.03      0.00     0.03     1 
1960212193   56.10785      9.32334    -0.18     -0.39     0.43     1 
1960212194   56.10770      9.37447     0.18      0.24     0.30     1 
1960212195   56.10754      9.42560     0.24     -0.04     0.24     1 
1960212196   56.10735      9.47673    -0.01     -0.12     0.12     1 
1960212197   56.10714      9.52786     0.02      0.07     0.07     1 
1960212199   56.10666      9.63011    -0.06      0.21     0.22     1 
1960212200   56.10639      9.68124    -0.05      0.01     0.05     1 
1960212201   56.10610      9.73236     0.15     -0.06     0.16     1 
1960212202   56.10579      9.78348     0.12     -0.07     0.14     1 
1960212203   56.10545      9.83460    -0.02      0.05     0.05     1 
1960212204   56.10509      9.88573    -0.05      0.16     0.17     1 
1960212205   56.10472      9.93685     0.29      0.04     0.29     1 
1960212211   56.10201     10.24354    -0.23      0.05     0.24     1 
1960212216   56.09917     10.49907    -0.03     -0.06     0.07     1 
1960212217   56.09854     10.55017     0.25      0.07     0.26     1 
1960212261   56.08185      8.96545     0.15      0.08     0.17     1 
1960212262   56.08185      9.01655    -0.06      0.13     0.15     1 
1960212263   56.08184      9.06765     0.11      0.10     0.15     1 
1960212266   56.08166      9.22093     0.20     -0.04     0.20     1 
1960212269   56.08129      9.37422    -0.13      0.01     0.13     1 
1960212270   56.08112      9.42531     0.14     -0.20     0.24     1 
1960212271   56.08094      9.47640     0.33     -0.19     0.38     1 
1960212273   56.08050      9.57859     0.08      0.05     0.10     1 
1960212274   56.08025      9.62968    -0.18      0.05     0.19     1 
1960212275   56.07998      9.68077     0.11     -0.14     0.18     1 
1960212277   56.07937      9.78295     0.16     -0.02     0.16     1 
1960212286   56.07560     10.24269     0.09      0.16     0.18     1 
1960212334   56.05537      8.86336     0.02     -0.24     0.24     1 
1960212336   56.05544      8.96548     0.16      0.16     0.23     1 
1960212337   56.05544      9.01654    -0.02     -0.04     0.05     1 
1960212338   56.05542      9.06760    -0.04     -0.07     0.08     1 
1960212340   56.05532      9.16972     0.08     -0.07     0.11     1 
1960212341   56.05524      9.22078     0.13     -0.04     0.13     1 
1960212342   56.05514      9.27184     0.00     -0.11     0.11     1 
1960212343   56.05502      9.32290     0.21     -0.16     0.27     1 
1960212344   56.05487      9.37396     0.28      0.06     0.29     1 
1960212346   56.05452      9.47608    -0.01     -0.12     0.12     1 
1960212347   56.05432      9.52714     0.08     -0.11     0.13     1 
1960212348   56.05409      9.57819     0.06     -0.14     0.15     1 
1960212349   56.05384      9.62925    -0.04     -0.13     0.14     1 
1960212350   56.05357      9.68030    -0.03     -0.12     0.13     1 
1960212351   56.05327      9.73136     0.17      0.00     0.17     1 
1960212353   56.05263      9.83346    -0.06      0.10     0.12     1 
1960212356   56.05150      9.98661     0.14      0.05     0.15     1 
1960212413   56.02901      9.06755    -0.01      0.05     0.05     1 
1960212414   56.02897      9.11858     0.06     -0.21     0.22     1 
1960212415   56.02891      9.16961     0.03     -0.16     0.17     1 
1960212416   56.02883      9.22063    -0.04      0.06     0.08     1 
1960212417   56.02873      9.27166    -0.03      0.12     0.12     1 
1960212419   56.02846      9.37370     0.10     -0.24     0.26     1 
1960212420   56.02829      9.42473    -0.05     -0.24     0.24     1 
1960212421   56.02811      9.47575     0.16     -0.07     0.17     1 
1960212422   56.02790      9.52678     0.18     -0.07     0.20     1 
1960212424   56.02742      9.62882    -0.02      0.21     0.21     1 
1960212425   56.02715      9.67984     0.11     -0.07     0.12     1 
1960212426   56.02686      9.73086    -0.07     -0.04     0.08     1 
1960212427   56.02655      9.78188     0.06      0.02     0.07     1 
1960212428   56.02621      9.83290     0.09      0.14     0.17     1 
1960212429   56.02586      9.88391     0.10      0.05     0.11     1 
1960212430   56.02548      9.93493    -0.05     -0.08     0.09     1 
1960212436   56.02278     10.24099     0.15     -0.06     0.16     1 
1960212437   56.02226     10.29200    -0.08      0.10     0.13     1 
1960212485   56.00258      8.91453     0.21      0.02     0.21     1 
1960212486   56.00260      8.96552     0.04     -0.01     0.04     1 
1960212488   56.00259      9.06751    -0.03     -0.26     0.26     1 
1960212489   56.00255      9.11850     0.15     -0.09     0.17     1 
1960212490   56.00249      9.16949     0.03      0.07     0.08     1 
1960212491   56.00241      9.22048     0.05     -0.12     0.13     1 
1960212492   56.00231      9.27147     0.12      0.03     0.12     1 
1960212494   56.00204      9.37345    -0.40     -0.21     0.45     1 
1960212495   56.00188      9.42444     0.27     -0.23     0.35     1 
1960212497   56.00149      9.52642     0.01     -0.10     0.10     1 
1960212500   56.00074      9.67938     0.05     -0.17     0.18     1 
1960212505   55.99907      9.93429    -0.04      0.06     0.08     1 
1960212508   55.99782     10.08722    -0.24      0.08     0.25     1 
1960212532   55.98097     11.31007     0.12      0.21     0.24     1 
1960212541   55.97152     11.76822    -0.36      0.11     0.38     1 
1960212560   55.97616      8.91459     0.06     -0.04     0.07     1 
1960212561   55.97619      8.96555     0.21      0.08     0.23     1 
1960212562   55.97619      9.01651     0.33     -0.01     0.33     1 
1960212563   55.97617      9.06746     0.04     -0.09     0.09     1 
1960212564   55.97614      9.11842    -0.05     -0.14     0.15     1 
1960212566   55.97600      9.22033     0.15      0.00     0.15     1 
1960212569   55.97563      9.37320     0.07     -0.08     0.11     1 
1960212570   55.97546      9.42415    -0.09     -0.05     0.10     1 
1960212571   55.97528      9.47510     0.09     -0.03     0.10     1 
1960212574   55.97459      9.62796     0.01     -0.07     0.07     1 
1960212575   55.97432      9.67891     0.19     -0.17     0.25     1 
1960212584   55.97095     10.13742     0.13     -0.14     0.19     1 
1960212612   55.94954     11.56289     0.12     -0.07     0.14     1 
1960212613   55.94847     11.61376    -0.10     -0.18     0.20     1 
1960212614   55.94738     11.66462     0.22     -0.16     0.27     1 
1960212635   55.94975      8.91465     0.12     -0.18     0.22     1 
1960212637   55.94978      9.01649    -0.10     -0.07     0.12     1 
1960212638   55.94976      9.06742    -0.05     -0.04     0.06     1 
1960212639   55.94972      9.11834    -0.20     -0.02     0.20     1 
1960212640   55.94966      9.16926     0.14      0.10     0.17     1 
1960212641   55.94958      9.22018    -0.13     -0.09     0.16     1 
1960212642   55.94948      9.27110    -0.01     -0.24     0.24     1 
1960212644   55.94921      9.37294    -0.04     -0.01     0.05     1 
1960212645   55.94905      9.42386    -0.20     -0.13     0.24     1 
1960212650   55.94791      9.67845     0.38     -0.15     0.41     1 
1960212658   55.94499     10.08574     0.08     -0.49     0.50     1 
1960212665   55.94134     10.44205     0.15      0.05     0.16     1 
1960212667   55.94011     10.54383     0.10      0.10     0.14     1 
1960212670   55.93810     10.69650     0.00      0.00     0.00     1 
1960212671   55.93739     10.74738     0.21     -0.12     0.24     1 
1960212672   55.93666     10.79826     0.00      0.26     0.26     1 
1960212689   55.92099     11.66281    -0.07      0.12     0.14     1 
1960212690   55.91989     11.71364     0.05     -0.04     0.07     1 
1960212691   55.91875     11.76446     0.09     -0.06     0.11     1 
1960212708   55.92322      8.81293     0.11     -0.01     0.11     1 
1960212709   55.92329      8.86382    -0.04     -0.06     0.08     1 
1960212711   55.92336      8.96560     0.22     -0.22     0.31     1 
1960212712   55.92336      9.01648    -0.06     -0.14     0.15     1 
1960212713   55.92334      9.06737    -0.09     -0.20     0.22     1 
1960212718   55.92294      9.32180    -0.34      0.30     0.45     1 
1960212719   55.92280      9.37269    -0.02      0.01     0.02     1 
1960212722   55.92224      9.52534    -0.11     -0.05     0.12     1 
1960212724   55.92177      9.62711     0.10      0.02     0.10     1 
1960212726   55.92121      9.72887     0.06      0.08     0.10     1 
1960212743   55.91305     10.59364    -0.25     -0.07     0.26     1 
1960212744   55.91238     10.64449     0.04     -0.16     0.16     1 
1960212745   55.91169     10.69534     0.29      0.12     0.32     1 
1960212753   55.90542     11.10206     0.10      0.02     0.10     1 
1960212764   55.89461     11.66100    -0.17      0.19     0.26     1 
1960212783   55.89680      8.81306    -0.11     -0.03     0.11     1 
1960212785   55.89692      8.91477    -0.06      0.29     0.30     1 
1960212786   55.89694      8.96562     0.05     -0.08     0.09     1 
1960212787   55.89694      9.01647    -0.10      0.15     0.18     1 
1960212788   55.89693      9.06732     0.03     -0.14     0.14     1 
1960212789   55.89689      9.11818     0.15      0.09     0.18     1 
1960212793   55.89653      9.32158    -0.18     -0.20     0.27     1 
1960212794   55.89638      9.37243    -0.22     -0.14     0.26     1 
1960212808   55.89217     10.08427     0.25     -0.04     0.26     1 
1960212819   55.88598     10.64337     0.02      0.09     0.09     1 
1960212820   55.88529     10.69419     0.27     -0.14     0.31     1 
1960212839   55.86822     11.65920    -0.05     -0.18     0.19     1 
1960212858   55.87039      8.81319     0.29      0.17     0.33     1 
1960212861   55.87053      8.96564     0.07      0.04     0.09     1 
1960212863   55.87051      9.06728    -0.02     -0.02     0.03     1 
1960212865   55.87041      9.16891     0.28      0.19     0.34     1 
1960212869   55.86997      9.37218     0.34     -0.02     0.34     1 
1960212877   55.86807      9.77869     0.39     -0.11     0.41     1 
1960212878   55.86773      9.82950     0.07     -0.07     0.10     1 
1960212879   55.86738      9.88031    -0.02      0.04     0.04     1 
1960212880   55.86701      9.93112     0.48      0.14     0.50     2 
1960212881   55.86661      9.98192    -0.01      0.05     0.05     1 
1960212905   55.85085     11.20073     0.00      0.00     0.00     1 
1960212908   55.84803     11.35298     0.01     -0.05     0.05     1 
1960212910   55.84605     11.45446    -0.12     -0.03     0.13     1 
1960212911   55.84503     11.50520     0.17      0.14     0.23     1 
1960212932   55.84388      8.76253    -0.24     -0.16     0.29     1 
1960212933   55.84397      8.81331    -0.06     -0.15     0.17     1 
1960212934   55.84404      8.86410     0.03      0.25     0.26     1 
1960212935   55.84408      8.91488    -0.09     -0.08     0.11     1 
1960212936   55.84411      8.96566     0.14     -0.05     0.15     1 
1960212937   55.84411      9.01645    -0.07     -0.02     0.08     1 
1960212941   55.84392      9.21958     0.06     -0.05     0.08     1 
1960212943   55.84369      9.32115    -0.11      0.05     0.12     1 
1960212953   55.84132      9.82894    -0.09     -0.06     0.10     1 
1960212957   55.83978     10.03203    -0.04      0.16     0.17     1 
1960212958   55.83935     10.08280     0.29     -0.19     0.35     1 
1960212960   55.83841     10.18433    -0.07     -0.00     0.07     1 
1960212967   55.83448     10.53965     0.11     -0.16     0.20     1 
1960212984   55.82066     11.40209     0.13     -0.14     0.19     1 
1960212990   55.81434     11.70628    -0.16     -0.01     0.16     1 
1960213007   55.81747      8.76269    -0.13     -0.06     0.14     1 
1960213008   55.81755      8.81344    -0.04     -0.11     0.12     1 
1960213011   55.81769      8.96569     0.12     -0.02     0.12     1 
1960213018   55.81728      9.32093     0.01      0.00     0.01     1 
1960213019   55.81714      9.37168     0.04     -0.08     0.09     1 
1960213033   55.81294     10.08206     0.23      0.21     0.31     1 
1960213057   55.79620     11.29911    -0.08     -0.12     0.15     1 
1960213063   55.79014     11.60314     0.12      0.26     0.28     1 
1960213064   55.78905     11.65380     0.06     -0.09     0.11     1 
1960213065   55.78795     11.70445    -0.34     -0.03     0.34     1 
1960213083   55.79114      8.81357    -0.06     -0.21     0.22     1 
1960213087   55.79128      9.01643     0.04      0.06     0.07     1 
1960213089   55.79122      9.11786    -0.12     -0.13     0.17     1 
1960213090   55.79116      9.16857     0.14      0.09     0.17     1 
1960213092   55.79098      9.27000     0.11      0.02     0.11     1 
1960213112   55.78457     10.28412     0.07      0.23     0.24     1 
1960213113   55.78403     10.33481    -0.07      0.11     0.13     1 
1960213132   55.76981     11.29756    -0.12     -0.10     0.15     1 
1960213160   55.76483      8.91505     0.02     -0.14     0.14     1 
1960213164   55.76481      9.11778     0.07     -0.13     0.15     1 
1960213166   55.76467      9.21914    -0.06     -0.19     0.20     1 
1960213167   55.76457      9.26982     0.05     -0.19     0.20     1 
1960213172   55.76375      9.52321    -0.02     -0.11     0.11     1 
1960213182   55.76055     10.02993    -0.02     -0.12     0.12     1 
1960213186   55.75868     10.23259    -0.21      0.18     0.28     1 
1960213199   55.75031     10.89102     0.27     -0.10     0.28     1 
1960213204   55.74616     11.14416     0.06     -0.01     0.06     1 
1960213207   55.74341     11.29600    -0.06      0.06     0.08     1 
1960213214   55.73628     11.65021     0.20      0.43     0.47     1 
1960213237   55.73844      9.01640     0.06      0.11     0.12     1 
1960213238   55.73843      9.06705     0.01     -0.18     0.18     1 
1960213239   55.73839      9.11770    -0.12     -0.17     0.21     1 
1960213242   55.73815      9.26963    -0.02     -0.09     0.09     1 
1960213245   55.73772      9.42157    -0.06      0.02     0.06     1 
1960213247   55.73733      9.52285     0.07      0.10     0.12     1 
1960213276   55.72231     10.99094     0.10      0.02     0.10     1 
1960213279   55.71976     11.14271     0.03     -0.04     0.05     1 
1960213318   55.71161      9.32006    -0.13      0.23     0.27     1 
1960213321   55.71112      9.47189     0.13     -0.01     0.13     1 
1960213322   55.71092      9.52250    -0.12     -0.21     0.25     1 
1960213323   55.71069      9.57311     0.04     -0.14     0.14     1 
1960213324   55.71045      9.62372     0.04     -0.01     0.04     1 
1960213325   55.71018      9.67432    -0.05     -0.03     0.05     1 
1960213332   55.70772     10.02854     0.06     -0.02     0.06     1 
1960213355   55.69247     11.19182    -0.31      0.19     0.36     1 
1960213356   55.69155     11.24236    -0.00      0.22     0.22     1 
1960213362   55.68564     11.54559     0.05      0.24     0.25     1 
1960213381   55.68528      8.71292     0.17      0.33     0.37     1 
1960213382   55.68538      8.76349     0.25     -0.04     0.25     1 
1960213386   55.68561      8.96580    -0.20     -0.37     0.42     1 
1960213389   55.68556      9.11754     0.29      0.01     0.29     1 
1960213392   55.68532      9.26927     0.02     -0.07     0.08     1 
1960213397   55.68450      9.52215    -0.07      0.02     0.07     1 
1960213398   55.68428      9.57272    -0.11     -0.05     0.13     1 
1960213399   55.68403      9.62330    -0.03     -0.10     0.11     1 
1960213400   55.68376      9.67387    -0.04      0.11     0.11     1 
1960213404   55.68249      9.87615     0.02      0.21     0.22     1 
1960213425   55.67032     10.93773    -0.20     -0.03     0.20     1 
1960213428   55.66783     11.08930    -0.14      0.28     0.31     1 
1960213434   55.66230     11.39238     0.13      0.02     0.13     1 
1960213459   55.65912      8.86474     0.47      0.20     0.51     2 
1960213460   55.65917      8.91528    -0.18      0.09     0.20     1 
1960213467   55.65890      9.26909     0.05     -0.10     0.11     1 
1960213468   55.65878      9.31963     0.13      0.14     0.19     1 
1960213476   55.65706      9.72395    -0.02     -0.10     0.11     1 
1960213485   55.65353     10.17874     0.42      0.25     0.49     1 
1960213508   55.63688     11.34030    -0.03      0.05     0.06     1 
1960213532   55.63255      8.76381    -0.40      0.22     0.46     1 
1960213534   55.63270      8.86483     0.23      0.05     0.23     1 
1960213536   55.63277      8.96585     0.06      0.02     0.06     1 
1960213539   55.63272      9.11738    -0.09     -0.16     0.19     1 
1960213542   55.63248      9.26891     0.16      0.01     0.16     1 
1960213552   55.63034      9.77397    -0.09     -0.10     0.13     1 
1960213560   55.62712     10.17795     0.18      0.13     0.23     1 
1960213568   55.62258     10.58183     0.13      0.11     0.17     1 
1960213569   55.62192     10.63231    -0.15     -0.07     0.16     1 
1960213583   55.61048     11.33873    -0.02     -0.08     0.08     1 
1960213586   55.60750     11.49003    -0.29      0.29     0.41     1 
1960213605   55.60590      8.66302     0.13     -0.12     0.18     1 
1960213607   55.60613      8.76397     0.09     -0.21     0.23     1 
1960213613   55.60634      9.06682     0.08     -0.01     0.08     1 
1960213618   55.60594      9.31920     0.12     -0.04     0.12     1 
1960213622   55.60525      9.52110     0.06      0.00     0.06     1 
1960213628   55.60359      9.82392     0.40     -0.26     0.48     1 
1960213635   55.60071     10.17716    -0.06      0.01     0.06     1 
1960213637   55.59970     10.27807     0.00      0.04     0.04     1 
1960213644   55.59551     10.63121    -0.25     -0.02     0.25     1 
1960213660   55.58212     11.43796     0.07      0.07     0.10     1 
1960213689   55.57989      9.11722    -0.13      0.04     0.14     1 
1960213692   55.57965      9.26855     0.03     -0.20     0.20     1 
1960213701   55.57781      9.72250    -0.06     -0.01     0.07     1 
1960213702   55.57751      9.77293    -0.01      0.05     0.05     1 
1960213708   55.57523     10.07552    -0.11     -0.13     0.17     1 
1960213719   55.56911     10.63012    -0.16     -0.08     0.17     1 
1960213737   55.55368     11.53705     0.33      0.10     0.35     1 
1960213770   55.55281      9.41959    -0.01      0.05     0.05     1 
1960213776   55.55140      9.72201     0.01      0.04     0.04     1 
1960213777   55.55109      9.77241    -0.12      0.33     0.35     1 
1960213782   55.54924     10.02440     0.09     -0.01     0.09     1 
1960213785   55.54789     10.17558    -0.13     -0.25     0.28     1 
1960213792   55.54400     10.52827     0.22      0.10     0.24     1 
1960213794   55.54270     10.62902     0.06      0.00     0.06     1 
1960213803   55.53583     11.08230     0.10     -0.01     0.10     1 
1960213804   55.53496     11.13265     0.02      0.26     0.26     1 
1960213845   55.52639      9.41931     0.08     -0.07     0.11     1 
1960213848   55.52578      9.57042    -0.04     -0.13     0.14     1 
1960213851   55.52498      9.72153     0.22     -0.03     0.22     1 
1960213852   55.52468      9.77189     0.02      0.04     0.05     1 
1960213868   55.51695     10.57759    -0.07      0.09     0.11     1 
1960213869   55.51629     10.62793    -0.31     -0.09     0.32     1 
1960213872   55.51419     10.77894    -0.05      0.26     0.26     1 
1960213878   55.50943     11.08090    -0.22     -0.11     0.24     1 
1960213879   55.50857     11.13122     0.12     -0.08     0.14     1 
1960213887   55.50090     11.53365    -0.10     -0.08     0.13     1 
1960213919   55.50014      9.36869     0.15      0.16     0.22     1 
1960213921   55.49979      9.46936     0.04     -0.04     0.05     1 
1960213925   55.49885      9.67071    -0.04     -0.00     0.04     1 
1960213926   55.49857      9.72104     0.09     -0.13     0.16     1 
1960213941   55.49180     10.47591     0.13      0.19     0.23     1 
1960213943   55.49054     10.57653    -0.10     -0.12     0.16     1 
1960213946   55.48851     10.72745    -0.00     -0.01     0.01     1 
1960213953   55.48303     11.07951     0.00     -0.25     0.25     1 
1960213987   55.47427      9.01629     0.00      0.00     0.00     1 
1960213992   55.47398      9.26783    -0.07      0.06     0.09     1 
1960213996   55.47337      9.46905    -0.01     -0.10     0.10     1 
1960214001   55.47215      9.72056    -0.06     -0.04     0.07     1 
1960214016   55.46539     10.47493     0.25     -0.02     0.25     1 
1960214018   55.46413     10.57548    -0.02     -0.03     0.04     1 
1960214036   55.44914     11.48004    -0.02     -0.03     0.04     1 
1960214078   55.44510      9.82061    -0.12      0.23     0.26     1 
1960214085   55.44224     10.17244     0.11      0.29     0.31     1 
1960214090   55.43957     10.42369    -0.06      0.00     0.06     1 
1960214091   55.43898     10.47394    -0.24     -0.01     0.24     1 
1960214112   55.42172     11.52858    -0.29      0.04     0.29     1 
1960214143   55.42102      9.31771    -0.28     -0.38     0.48     1 
1960214153   55.41869      9.82006     0.00      0.26     0.26     1 
1960214164   55.41374     10.37253     0.09     -0.04     0.09     1 
1960214165   55.41316     10.42274     0.03     -0.04     0.05     1 
1960214181   55.40118     11.22589     0.13      0.46     0.48     1 
1960214234   55.38988     10.12068     0.09      0.05     0.10     1 
1960214239   55.38732     10.37161     0.00      0.02     0.02     1 
1960214240   55.38675     10.42180     0.06      0.02     0.06     1 
1960214254   55.37657     11.12411    -0.09     -0.03     0.09     1 
1960214291   55.36841      9.21694     0.05      0.00     0.05     1 
1960214298   55.36728      9.56814    -0.05      0.22     0.23     1 
1960214301   55.36649      9.71864    -0.03     -0.13     0.13     1 
1960214309   55.36347     10.11994    -0.02      0.00     0.02     1 
1960214355   55.34172      8.66527     0.18     -0.05     0.19     1 
1960214379   55.33909      9.86856     0.15      0.22     0.27     1 
1960214404   55.32377     11.12129    -0.15      0.09     0.18     1 
1960214405   55.32288     11.17137    -0.15      0.24     0.28     1 
1960214432   55.31554      8.76570     0.10     -0.04     0.11     1 
1960214453   55.31302      9.81788     0.33      0.03     0.33     1 
1960214472   55.30295     10.76947    -0.14      0.08     0.16     1 
1960214507   55.28912      8.76586     0.04     -0.09     0.10     1 
1960214525   55.28752      9.66714    -0.05     -0.02     0.06     1 
1960214526   55.28724      9.71721    -0.04     -0.13     0.14     1 
1960214527   55.28693      9.76727    -0.03      0.06     0.07     1 
1960214539   55.28168     10.36797     0.13      0.11     0.17     1 
1960214598   55.26161      9.56663     0.26     -0.36     0.45     1 
1960214601   55.26082      9.71673     0.43      0.21     0.47     1 
1960214602   55.26052      9.76676     0.01      0.10     0.10     1 
1960214604   55.25985      9.86683     0.15      0.07     0.16     1 
1960214630   55.24368     11.16705    -0.15      0.20     0.25     1 
1960214632   55.24187     11.26700    -0.05     -0.03     0.06     1 
1960214669   55.23596      9.36624    -0.09      0.12     0.15     1 
1960214671   55.23562      9.46625     0.03      0.14     0.15     1 
1960214676   55.23440      9.71626    -0.46      0.10     0.47     1 
1960214686   55.23045     10.21620    -0.12     -0.05     0.13     1 
1960214709   55.21357     11.36538    -0.14     -0.18     0.23     1 
1960214710   55.21260     11.41531    -0.21     -0.03     0.21     1 
1960214750   55.20827      9.66582     0.05     -0.09     0.11     1 
1960214761   55.20403     10.21540     0.13     -0.33     0.35     1 
1960214781   55.18999     11.21409    -0.21     -0.19     0.28     1 
1960214783   55.18814     11.31391     0.09      0.08     0.12     1 
1960214784   55.18718     11.36381     0.09      0.07     0.12     1 
1960214824   55.18211      9.61544     0.17      0.05     0.18     1 
1960214825   55.18185      9.66538    -0.05      0.17     0.18     1 
1960214832   55.17944     10.01489    -0.06     -0.05     0.08     1 
1960214833   55.17902     10.06482     0.28     -0.03     0.28     1 
1960214834   55.17857     10.11474    -0.11      0.00     0.11     1 
1960214855   55.16448     11.16275     0.19     -0.10     0.22     1 
1960214909   55.15216     10.11401     0.10     -0.03     0.10     1 
1960214912   55.15070     10.26368     0.00     -0.42     0.42     1 
1960214913   55.15017     10.31356     0.06      0.08     0.10     1 
1960214914   55.14962     10.36345     0.25      0.32     0.41     1 
1960214915   55.14905     10.41333     0.22     -0.44     0.49     1 
1960214925   55.14225     10.91205     0.33     -0.20     0.39     1 
1960214930   55.13808     11.16132    -0.11     -0.01     0.11     1 
1960214981   55.12702      9.96369     0.21     -0.24     0.32     1 
1960214982   55.12661     10.01355     0.32      0.38     0.49     1 
1960214983   55.12619     10.06341     0.04      0.05     0.06     1 
1960214984   55.12574     10.11327     0.13     -0.22     0.25     1 
1960214992   55.12145     10.51209     0.07     -0.01     0.07     1 
1960214997   55.11810     10.76129     0.04     -0.26     0.26     1 
1960215143   55.06800     10.55988    -0.05      0.05     0.07     1 
1960215144   55.06735     10.60965     0.35      0.09     0.36     1 
1960215146   55.06599     10.70920    -0.07     -0.03     0.08     1 
1960215221   55.03959     10.70808     0.12      0.04     0.13     1 
1960215224   55.03740     10.85728     0.07      0.09     0.11     1 
1960215295   55.01386     10.65725    -0.19      0.09     0.21     1 
1960215454   54.95414     11.10177    -0.19     -0.27     0.33     1 
----------------------------------------------------------------------
---------------------------------------------------
Total correlated GCPs in Upper Left Quadrant: 265

GCP statistics this quadrant only (in Pixels)
Line residual statistics:
  Mean: 0.055
  Median: 0.055
  Standard Deviation: 0.136

Sample residual statistics:
  Mean: 0.004
  Median: 0.003
  Standard Deviation: 0.141

Quadrant RMSE: 0.204

---------------------------------------------------
Total correlated GCPs in Upper Right Quadrant: 77

GCP statistics this quadrant only (in Pixels)
Line residual statistics:
  Mean: 0.074
  Median: 0.065
  Standard Deviation: 0.155

Sample residual statistics:
  Mean: 0.034
  Median: 0.005
  Standard Deviation: 0.154

Quadrant RMSE: 0.234

---------------------------------------------------
Total correlated GCPs in Lower Left Quadrant: 188

GCP statistics this quadrant only (in Pixels)
Line residual statistics:
  Mean: 0.031
  Median: 0.022
  Standard Deviation: 0.150

Sample residual statistics:
  Mean: -0.023
  Median: -0.026
  Standard Deviation: 0.134

Quadrant RMSE: 0.205

---------------------------------------------------
Total correlated GCPs in Lower Right Quadrant: 95

GCP statistics this quadrant only (in Pixels)
Line residual statistics:
  Mean: 0.009
  Median: 0.003
  Standard Deviation: 0.160

Sample residual statistics:
  Mean: 0.016
  Median: 0.002
  Standard Deviation: 0.162

Quadrant RMSE: 0.229

---------------------------------------------------
---------------------------------------------------
Total correlated GCPs in scene: 625

GCP statistics entire scene (in Pixels)
Line residual statistics:
  Mean: 0.043
  Median: 0.040
  Standard Deviation: 0.148

Sample residual statistics:
  Mean: 0.001
  Median: -0.006
  Standard Deviation: 0.145

Scene RMSE: 0.212

