Fri. Sep. 18, 2020             LANDSAT 5                 Time: 19:21
                         Image Assessment System
                           GCP Residual Report
----------------------------------------------------------------------------
WOID: L2            Path/Row: 196 / 021

L0R Reference Image: L51KIS1084116090100_HDF.202180312
Acquisition Date: Apr 25, 1984

Band Number:  5

GLS date for each WRS-2 path/row used:
Path  Row   Date
194   021   08-03-1999
195   021   05-08-2000, 07-23-2013
195   022   05-08-2000, 03-20-2014
196   020   05-15-2000, 03-11-2014
196   021   05-15-2000, 03-11-2014
196   022   05-15-2000, 03-11-2014
197   020   05-09-2001, 04-03-2014
197   021   05-09-2001, 04-06-2015


Point_ID         Latitude  Longitude    Height       Across    Along    Residual  Residual
                                                      Scan      Scan      In y      in x
                                                    Residual  Residual    dir       dir
                   (deg)     (deg)     (meters)     (meters)  (meters)  (meters)  (meters)

1940210029_01   55.705184   11.715247    65.621      -2.542    -0.694    -2.305    -1.274
1940210039_01   55.331780   11.583858    77.170       3.622    -6.267     4.998    -5.230
1940210085_01   55.813564   11.886746    49.499      -7.318     4.439    -8.154     2.585
1940210236_01   55.738772   11.811394    36.888       2.347    -4.392     3.316    -3.713
1950210008_01   56.420033   10.864624    68.371       2.205    -3.978     3.077    -3.346
1950210011_01   55.400915   10.379948    70.271      -0.625    -0.811    -0.416    -0.935
1950210014_01   55.332987   11.144335    51.520       0.546     0.631     0.382     0.742
1950210026_01   55.952567   11.853732    72.090      -0.820    -3.545     0.039    -3.638
1950210059_01   56.304845   10.852749    41.593      -6.794     2.655    -7.225     0.981
1950210082_01   56.419912   10.865331    62.200       1.753     2.899     1.022     3.229
1950210094_01   55.705105   11.715334    75.860      -1.297    -1.456    -0.917    -1.721
1950210101_01   55.811006   11.579530    84.638       2.180     4.366     1.090     4.756
1950210117_01   56.316896   10.502196    33.450      -5.871    -1.975    -5.239    -3.300
1950210131_01   56.535438   10.713756    53.305       6.158    -1.694     6.382    -0.199
1950210144_01   55.483348   10.710049    62.739      -7.717    -1.494    -7.142    -3.275
1950210151_01   55.206859   11.416209    31.216       1.662     5.323     0.356     5.564
1950210159_01   55.406211   10.433691    47.989       1.694     0.060     1.631     0.458
1950210164_01   55.382943   10.373665    55.474      -2.186     0.178    -2.165    -0.344
1950210185_01   55.944669   10.431910    63.707      -3.206     1.523    -3.474     0.724
1950210187_01   55.618987   11.634406   104.727       2.305     6.984     0.592     7.329
1950210194_01   56.347543   10.530031    37.820       2.135     0.039     2.065     0.540
1950210196_01   55.293506   10.854871    49.045      -2.427     0.928    -2.577     0.328
1950210208_01   55.617300   11.697257   115.634      -1.548     5.174    -2.724     4.661
1950210211_01   56.262203   10.496779    52.346       0.726    -4.650     1.799    -4.346
1950210229_01   55.884173   11.526280    52.468      -4.014    -6.193    -2.440    -6.963
1950210240_01   55.632864   11.434684    83.961      -1.280     2.012    -1.718     1.652
1950210249_01   56.167169   10.509315    37.746       4.145    -5.389     5.296    -4.260
1950210252_01   56.199322   10.672155    46.562      -5.101     0.598    -5.096    -0.620
1950210255_01   55.477626   10.458634    42.955      -1.064    -4.470     0.022    -4.592
1950210269_01   56.269031   10.683787    23.328      -2.763     4.574    -3.761     3.794
1950210282_01   55.653642   11.292461    35.564      -0.706     1.583    -1.058     1.371
1950210301_01   56.522191   10.615977    24.308       3.571     1.442     3.131     2.240
1950210312_01   56.477660   10.643022    81.727      -5.901     5.346    -6.989     3.807
1950210324_01   55.256693   11.306850    64.819      -3.891    -4.544    -2.705    -5.334
1950210329_01   55.385455   10.436711    53.737      -2.291     4.295    -3.240     3.630
1950210335_01   55.420995   10.043089    73.614      -2.030     2.673    -2.603     2.116
1950210350_01   55.608383   10.190100    41.966      -3.106     3.920    -3.942     3.074
1950210357_01   55.500777   11.700665   101.285       0.534    -3.531     1.353    -3.304
1950210365_01   55.727484   11.278137    42.021       4.733    -1.189     4.878    -0.038
1950210371_01   55.245975   11.271782    55.528       4.017    -1.576     4.275    -0.580
1950210382_01   55.516332   10.561211    39.951      -5.390     4.384    -6.270     2.985
1950210383_01   55.802894   11.877274    39.000       1.591    -3.066     2.269    -2.603
1950210388_01   56.181399   10.685731    65.325      -7.689    -0.583    -7.332    -2.376
1950210391_01   55.764837   11.636275    51.666       5.001    -5.438     6.140    -4.103
1950210398_01   56.096016   10.512397    35.770      -1.948    -3.694    -1.023    -4.047
1950210401_01   55.761729   10.249343    26.989      -3.770     0.803    -3.852    -0.109
1950210409_01   56.142072   10.492453    41.327      -3.035    -2.741    -2.303    -3.377
1950210414_01   56.202804   11.682662    47.287       5.222     1.652     4.686     2.835
1950210427_01   56.193766   11.713897    54.876       4.398    -0.729     4.445     0.327
1950210445_01   55.935385   11.661509    55.358       0.108    -1.892     0.551    -1.813
1950210455_01   55.569535   11.531042    72.379       1.455     5.158     0.196     5.354
1950210456_01   55.684526   11.588565    39.415      -1.299    -1.776    -0.843    -2.032
1950210484_01   55.719156   11.006629    65.328      -2.016    -5.260    -0.717    -5.585
1950210488_01   55.670688   11.788137    27.408       4.933     4.971     3.621     5.995
1950210491_01   56.447257   10.587295    84.792       3.305     0.988     2.979     1.737
1950210493_01   55.470796   10.457738    40.000      -5.363     0.879    -5.416    -0.414
1950210510_01   56.104785   10.548117    57.627      -7.963     2.539    -8.333     0.592
1950210521_01   55.293096   10.855251    54.672      -4.608     0.839    -4.674    -0.275
1950210529_01   56.129795   10.535103    66.299      -2.574     2.172    -3.011     1.504
1950210530_01   55.742538   11.288937    43.826       1.736     3.011     0.977     3.335
1950210532_01   55.343983   10.165885   104.651       2.934     3.667     1.982     4.254
1950210537_01   56.217602   10.584119    45.103      -2.667     1.889    -3.036     1.208
1950210539_01   56.276106   10.472164    35.599       2.799    -0.488     2.834     0.185
1950210547_01   55.555170   11.287038    38.000      -2.811     5.296    -3.980     4.480
1950210556_01   55.620080   10.591457    55.909       6.429    -0.431     6.346     1.099
1950210558_01   55.782606   11.775983    40.873       3.128     0.511     2.919     1.235
1950210566_01   55.835558   11.455390   115.014      -1.197    -1.050    -0.915    -1.303
1950210568_01   55.750773   11.811547    26.439       2.564     0.300     2.420     0.897
1950210573_01   55.732369   11.767694    23.097       5.465     3.301     4.532     4.498
1950210577_01   55.368355   10.096118    89.000       0.496     0.695     0.317     0.792
1950210583_01   55.520451   10.556606    40.218       7.139    -6.214     8.401    -4.349
1950210589_01   55.609514   10.189514    41.940       4.141     0.704     3.856     1.661
1950210596_01   55.707890   11.221486    42.490       1.682     1.064     1.384     1.431
1950210600_01   56.327275   10.570613    44.305      -0.284    -4.286     0.733    -4.231
1950210606_01   56.095013   10.513001    40.383      -5.419    -1.361    -4.943    -2.599
1950210607_01   55.519349   10.479448    28.992       1.276     1.971     0.774     2.216
1950210615_01   56.163593   10.389038    31.983      -3.019    -0.843    -2.734    -1.529
1950210623_01   55.194833   11.303176    47.546       4.726     2.191     4.073     3.247
1950210625_01   55.258577   11.284669    56.647      -1.277     2.916    -1.929     2.530
1950210634_01   55.157693   10.929465    46.394      -3.851    -6.888    -2.111    -7.601
1950210637_01   55.254238   10.746621    65.581      -3.373    -4.505    -2.211    -5.173
1950210640_01   56.487711   10.689340    71.834       6.409     4.766     5.107     6.137
1950210642_01   55.944468   10.431701    58.243      -4.578     5.896    -5.836     4.649
1950210645_01   56.219110   10.437664    59.517       4.867    -3.804     5.623    -2.551
1950210646_01   55.189534   11.384884    43.007      -4.796     2.454    -5.238     1.249
1950210649_01   56.217311   10.709371    58.157      -0.155     4.553    -1.222     4.386
1950210650_01   56.193323   11.714158    49.276       7.664    -3.306     8.224    -1.407
1950210657_01   55.215365   10.881825    51.572      -4.792    -2.575    -4.045    -3.635
1950220012_01   55.077864   10.582657   104.349      -4.286     0.367    -4.248    -0.659
1950220017_01   55.396729   10.367023    53.385       2.030     2.751     1.321     3.152
1950220023_01   55.332975   11.144383    39.878       1.319     0.187     1.238     0.494
1950220135_01   55.406203   10.433685    62.239       2.462     0.409     2.294     0.979
1950220150_01   55.133719   10.113618    30.187       4.123     6.463     2.475     7.252
1950220167_01   55.206846   11.416209    38.089       3.534     5.192     2.206     5.880
1950220251_01   55.135176    9.977300    47.926       3.947     1.736     3.423     2.620
1950220270_01   55.293500   10.854904    39.822      -3.106     0.500    -3.134    -0.250
1950220330_01   55.239039    9.901265    51.216      -4.093    -4.987    -2.795    -5.811
1950220348_01   55.402414   10.127547   126.669      -1.257    -2.879    -0.541    -3.093
1950220375_01   55.163671   10.943575    40.854      -3.346    -6.226    -1.777    -6.838
1950220390_01   55.311606   10.814191    40.582      -1.815    -4.095    -0.795    -4.406
1950220395_01   55.189871   11.199361    37.487       4.125    -1.362     4.329    -0.346
1950220441_01   55.061334   10.683832    39.615       0.088     3.103    -0.648     3.034
1950220454_01   55.234073   10.649150    77.303       5.946    -2.946     6.471    -1.455
1950220457_01   55.229781   10.587138   116.347       7.132    -2.954     7.624    -1.181
1950220483_01   55.160117   10.931927    50.696      -5.065    -6.546    -3.371    -7.557
1950220541_01   55.387047   10.307865    71.441       0.118     6.787    -1.489     6.620
1950220542_01   55.206079   11.436352    37.761       3.638     2.142     3.027     2.942
1950220544_01   55.435570   10.117024   103.665       0.088     3.170    -0.664     3.099
1950220546_01   55.201660   11.401637    30.176       1.573     4.364     0.497     4.611
1950220554_01   55.466690   10.442483    46.474      -4.067    -5.287    -2.701    -6.096
1950220557_01   55.443577   10.481449    37.858       4.916     1.676     4.379     2.789
1950220561_01   55.335799   11.208235    44.645       5.293     1.979     4.674     3.174
1960200102_01   56.738271   10.104120    83.247       0.443     6.825    -1.172     6.735
1960200166_01   56.736097    9.858410    81.604       7.572     0.052     7.344     1.826
1960200270_01   56.741314   10.060076    49.672       4.712    -0.469     4.688     0.650
1960200276_01   56.714924   10.231909    41.282       1.273    -3.804     2.129    -3.398
1960200299_01   56.649236    9.799782    96.524      -1.667    -1.082    -1.365    -1.442
1960200335_01   56.695740    9.519570    79.855      -5.364    -3.388    -4.415    -4.550
1960200364_01   56.705873   10.328156    30.767       4.806    -0.838     4.866     0.313
1960200391_01   56.686357    9.753455    85.944      -6.455    -1.084    -6.017    -2.567
1960200411_01   56.665838    9.679725    80.013       7.954    -0.052     7.739     1.815
1960200418_01   56.679171    9.605421    56.485       4.623    -4.607     5.573    -3.392
1960200433_01   56.516333   10.710117    61.173      -2.847     6.249    -4.234     5.403
1960200473_01   56.499740   10.608999    77.496      -0.824    -6.252     0.668    -6.267
1960200474_01   56.670357   10.087532    71.220      -6.732    -0.594    -6.401    -2.157
1960200527_01   56.649478    9.939652    43.286       4.336    -0.626     4.359     0.409
1960200546_01   56.742065   10.057210    65.551      -1.908    -4.176    -0.874    -4.505
1960200612_01   56.503886   10.682297    55.692      -1.938     0.687    -2.045     0.212
1960200630_01   56.642365    9.552049    71.317       1.797    -3.834     2.646    -3.303
1960210011_01   55.385428   10.436750    51.381      -1.119     4.094    -2.054     3.711
1960210015_01   56.146637   10.186913    81.106       2.333     2.973     1.567     3.437
1960210018_01   55.659615   11.076829    51.554      -2.185     0.917    -2.339     0.374
1960210022_01   55.077855   10.582692    91.033      -4.301    -1.361    -3.854    -2.340
1960210028_01   55.672823    9.121219    87.544      -7.578     5.039    -8.549     3.106
1960210032_01   55.333016   11.144355    55.624       0.584    -0.115     0.595     0.027
1960210042_01   56.335540   10.014874    75.776       2.456    -3.014     3.094    -2.351
1960210055_01   56.453638   10.043789    47.524       6.042     5.308     4.622     6.577
1960210058_01   56.481684   10.558479    92.522      -3.656     4.999    -4.727     3.997
1960210077_01   56.164056   10.135831   109.717       5.971    -5.917     7.193    -4.342
1960210078_01   56.031077    9.927859    62.494       0.417    -6.033     1.826    -5.762
1960210085_01   56.316871   10.502305    32.494      -6.234     1.380    -6.381    -0.126
1960210088_01   56.159976    9.910637    99.411       3.847    -2.698     4.372    -1.716
1960210089_01   55.406489   10.433733    44.517      -0.903     0.109    -0.903    -0.108
1960210090_01   56.046221    9.039157   102.515      -7.209    -2.176    -6.489    -3.810
1960210095_01   55.801661    8.950139    92.354       5.352     4.668     4.095     5.795
1960210096_01   55.502172    9.577164    69.257       4.234    -3.345     4.902    -2.248
1960210098_01   56.730908   10.092234    90.884      -7.647     1.910    -7.878     0.062
1960210102_01   56.382059    9.671096    64.608       4.257     1.547     3.771     2.503
1960210103_01   56.125535   10.144828    47.587      -1.128    -2.160    -0.587    -2.364
1960210108_01   56.099764   10.219824   131.259      -5.124    -1.177    -4.700    -2.349
1960210116_01   55.998003    9.245969   112.230      -7.279    -5.192    -5.846    -6.757
1960210117_01   55.685008   11.587934    43.200      -2.827    -5.757    -1.389    -6.260
1960210129_01   56.351411    9.615098    65.674      -7.332     3.584    -7.966     1.758
1960210134_01   55.841086    9.034536    90.414      -5.472     6.563    -6.864     5.084
1960210135_01   55.584120    9.271325   100.307       0.597    -2.486     1.167    -2.274
1960210138_01   55.177509    9.642091    10.680       5.408     1.022     5.010     2.271
1960210139_01   55.382952   10.373697    51.842      -4.465     0.014    -4.340    -1.042
1960210141_01   56.083999    9.427145   119.640      -6.864     4.687    -7.771     2.937
1960210147_01   56.417093   10.369606    69.805      -5.251     0.443    -5.206    -0.803
1960210156_01   55.287935    9.717098    46.779       3.529    -6.375     4.935    -5.356
1960210158_01   55.568305    9.430287    64.455      -5.690    -1.107    -5.265    -2.418
1960210164_01   56.476496    9.404388    92.728       6.594    -4.937     7.566    -3.247
1960210165_01   56.133879    9.548474    90.435       0.885     3.445     0.048     3.554
1960210167_01   55.718162    9.044526    94.790      -4.192    -1.082    -3.816    -2.039
1960210170_01   56.170970    9.514288    67.344       0.266    -4.666     1.358    -4.469
1960210181_01   55.296842    9.802774    32.680       4.681    -0.650     4.700     0.475
1960210185_01   55.325966    9.795868    32.473       5.458    -4.900     6.460    -3.468
1960210201_01   55.993897    8.989980    70.012      -2.536    -0.661    -2.308    -1.240
1960210204_01   56.170898    9.064454    98.775      -5.485    -0.328    -5.250    -1.608
1960210205_01   55.431953    9.795117    60.573       1.757    -5.655     3.043    -5.077
1960210211_01   55.682340    8.777273    72.188      -1.957     4.979    -3.077     4.375
1960210221_01   55.133708   10.113622    27.855       4.942     6.171     3.339     7.162
1960210223_01   55.882627    8.887445    84.953      -3.719    -4.139    -2.635    -4.896
1960210229_01   55.478144   10.459629    46.126       1.332    -0.911     1.509    -0.570
1960210231_01   56.163501    9.352301   117.714      -5.188    -2.968    -4.340    -4.103
1960210233_01   56.024642    9.362934   113.107      -3.940     3.152    -4.570     2.133
1960210239_01   55.293506   10.854921    46.883      -1.713     3.169    -2.412     2.673
1960210242_01   56.219300    9.323707   118.102       6.886    -0.064     6.703     1.557
1960210245_01   56.194379   10.215051    90.743       0.441     2.480    -0.156     2.513
1960210248_01   56.173265   10.168002   136.780      -0.183    -0.953     0.047    -0.968
1960210251_01   55.632609   11.434751    83.420      -2.444    -0.452    -2.267    -1.016
1960210260_01   55.245985   11.271785    55.057       6.156    -1.449     6.322     0.050
1960210261_01   55.811023   11.579594    86.325       3.351     4.273     2.248     4.942
1960210263_01   55.132594   10.036607    42.236      -1.895     2.681    -2.475     2.155
1960210265_01   55.609014    9.096699   108.862      -7.539     4.320    -8.342     2.417
1960210268_01   55.944922    9.234913   104.550       5.241     5.251     3.852     6.334
1960210271_01   56.299686    9.651624    68.738       0.354     6.192    -1.114     6.098
1960210272_01   55.932725    8.794178    73.436       7.015     5.978     5.402     7.458
1960210276_01   55.884449   11.526277    56.419      -4.628    -6.280    -3.017    -7.193
1960210279_01   56.404794   10.876703    30.228       1.772     5.144     0.513     5.414
1960210282_01   55.857782    9.069644    99.172      -0.493    -4.843     0.664    -4.820
1960210296_01   55.479130    9.715366    29.980      -3.842    -5.758    -2.371    -6.500
1960210299_01   55.605343    9.134910   108.829      -0.528    -4.628     0.580    -4.620
1960210316_01   55.998944    9.115066    83.387      -4.610     0.501    -4.596    -0.599
1960210318_01   55.135163    9.977392    50.969       2.997     1.652     2.520     2.313
1960210323_01   55.960066    8.855107    71.138       0.373    -1.983     0.829    -1.838
1960210324_01   55.608350   10.190202    41.427      -5.791     2.664    -6.254     1.221
1960210325_01   56.403702    9.181937    96.331      -0.403     1.833    -0.823     1.686
1960210326_01   56.438638    9.691053   104.418      -5.319     3.488    -5.987     2.139
1960210327_01   56.171483    9.470352   122.042      -4.922     0.084    -4.800    -1.076
1960210328_01   56.171588   10.199329   100.192       3.439     0.652     3.187     1.442
1960210334_01   56.356217   10.505253    38.208      -6.135     1.732    -6.368     0.240
1960210337_01   56.639967    9.817088    34.564      -1.131    -1.133    -0.833    -1.366
1960210339_01   56.014104    8.971739   101.865      -1.211     0.626    -1.324     0.323
1960210342_01   56.239637    9.310788   113.002      -4.807     2.516    -5.262     1.313
1960210345_01   56.700896    9.238442    85.518      -5.679    -1.584    -5.144    -2.871
1960210361_01   55.831397    8.751527    66.925       2.399    -0.289     2.398     0.284
1960210365_01   56.077656    9.777568    82.247       3.822     0.633     3.563     1.514
1960210367_01   55.715501    8.974341   111.535       2.075    -2.536     2.614    -1.973
1960210368_01   56.072978    8.871014   120.557       2.273    -5.922     3.603    -5.217
1960210370_01   55.498502    9.624688    42.996      -1.960    -6.497    -0.368    -6.772
1960210371_01   56.604922    9.714249    60.480      -2.932    -2.871    -2.173    -3.478
1960210372_01   55.718668    8.931853    82.448      -1.111    -4.360    -0.049    -4.496
1960210373_01   56.199283   10.672241    44.922      -1.656     2.669    -2.237     2.204
1960210374_01   55.404655   10.382950    52.282      -1.058     1.263    -1.326     0.977
1960210377_01   55.030600   10.709430    65.478      -3.033    -1.427    -2.607    -2.104
1960210380_01   56.209184    9.693697    87.384      -3.926    -1.166    -3.540    -2.056
1960210381_01   56.202164   10.349769    48.298      -5.904    -0.728    -5.564    -2.097
1960210382_01   55.404699   10.300606    53.247      -1.289    -4.387    -0.216    -4.565
1960210387_01   55.653377   11.292519    35.132      -1.745    -0.744    -1.519    -1.134
1960210388_01   55.238550    9.446835    45.353      -1.144    -2.807    -0.447    -2.996
1960210404_01   55.779112   11.611940    50.752      -0.458     0.100    -0.468    -0.011
1960210410_01   55.163740   10.943522    35.611      -4.432    -4.474    -3.246    -5.394
1960210427_01   56.193519   11.714021    52.120       5.066    -2.384     5.483    -1.123
1960210431_01   56.202840   11.682794    60.545       4.394    -0.645     4.422     0.408
1960210436_01   55.969790    9.891962   141.743      -5.349    -2.818    -4.531    -3.996
1960210443_01   56.265070   10.698026    24.806      -0.324    -1.854     0.122    -1.877
1960210445_01   56.061071    8.869234   109.901       0.390    -1.980     0.845    -1.831
1960210447_01   55.402309   10.127860   140.660       0.768     6.082    -0.691     6.088
1960210448_01   55.115106   10.675310   105.820      -0.580    -1.217    -0.275    -1.320
1960210449_01   56.565814    9.324424    48.830      -5.148     2.337    -5.551     1.062
1960210455_01   55.665368    9.173912   107.727      -1.237     2.178    -1.716     1.823
1960210456_01   56.214040   10.519189   104.934      -7.583     6.257    -8.838     4.294
1960210459_01   55.699525   11.101258    42.281      -7.538     1.075    -7.576    -0.736
1960210470_01   56.076569    9.670714   180.182      -1.612    -6.930     0.067    -7.110
1960210481_01   56.020075    9.397849   127.363      -3.222     4.660    -4.227     3.767
1960210482_01   56.670352   10.087519    71.202      -7.061    -0.920    -6.644    -2.551
1960210483_01   56.499739   10.609004    77.476      -0.715    -6.078     0.733    -6.073
1960210486_01   56.241889   10.576932    75.365      -3.521     4.211    -4.411     3.263
1960210487_01   55.975717    9.011406    88.451      -4.095    -1.348    -3.660    -2.274
1960210493_01   55.334892    9.304993    81.813      -0.422    -4.813     0.728    -4.773
1960210498_01   55.374087   10.087810    86.402      -3.281     3.126    -3.925     2.260
1960210500_01   56.390839    9.355970    48.004       4.504    -2.303     4.916    -1.180
1960210501_01   55.887913    9.918818    61.201       0.407    -5.910     1.788    -5.644
1960210504_01   55.799825   11.557018    89.315      -7.420    -0.675    -7.049    -2.407
1960210506_01   55.652738   11.388606    81.040       6.697    -3.627     7.361    -1.941
1960210509_01   55.832137   11.453189   121.874       3.980     1.956     3.406     2.839
1960210514_01   55.030155   10.716325    55.474      -2.799     1.125    -2.984     0.429
1960210515_01   56.077549    9.636036   145.363      -5.549     5.058    -6.581     3.606
1960210517_01   55.466698   10.442908    49.654      -5.677    -5.230    -4.278    -6.420
1960210519_01   56.145515   10.505364    31.587      -0.708    -0.117    -0.661    -0.281
1960210520_01   55.798054    9.085498    96.067      -0.860    -1.454    -0.492    -1.615
1960210521_01   55.912194   11.710363    41.843      -1.377     0.067    -1.353    -0.260
1960210528_01   56.392366    9.069303    92.356       6.445     5.415     4.985     6.774
1960210529_01   56.373401    9.330084    55.010       3.687     4.999     2.405     5.722
1960210532_01   56.649474    9.939639    43.086       4.368    -0.688     4.405     0.357
1960210536_01   56.135344    9.620097    75.910       5.544    -5.044     6.573    -3.595
1960210538_01   55.619573   11.318469    48.892       2.150     2.539     1.490     2.974
1960210540_01   55.509444    9.349013    70.282      -4.348    -0.092    -4.201    -1.116
1960210542_01   56.187239    9.643653    64.822       0.701     0.382     0.591     0.536
1960210543_01   56.074945    9.434531   130.576      -3.870     0.540    -3.886    -0.387
1960210544_01   55.664055    9.287437    57.076      -5.333     0.204    -5.228    -1.060
1960210545_01   56.742060   10.057196    65.231      -2.038    -4.790    -0.856    -5.132
1960210546_01   56.133566    9.391274   159.722      -2.588    -1.292    -2.209    -1.864
1960210548_01   55.637345    9.295801    91.787      -4.056     5.687    -5.282     4.566
1960210549_01   55.935058    9.355197    96.036       4.456    -1.554     4.694    -0.460
1960210554_01   56.222604    9.008490    78.941       5.118    -1.545     5.334    -0.298
1960210556_01   55.794205   11.645175    54.004       3.636    -0.297     3.603     0.570
1960210558_01   56.246229   10.718448    44.407       1.739    -0.281     1.756     0.136
1960210560_01   55.733203   10.904714    71.642      -0.675    -2.163    -0.145    -2.261
1960210561_01   55.707912   11.221528    40.820       3.545    -0.380     3.533     0.468
1960220027_01   55.077854   10.583159    89.570      -4.668    -0.951    -4.308    -2.028
1960220172_01   55.133697   10.113618    26.106       5.323     6.950     3.525     8.009
1960220346_01   55.132498   10.036615    54.022       6.629     0.696     6.273     2.244
1960220403_01   55.030586   10.709456    49.292      -2.697    -1.388    -2.290    -1.987
1960220409_01   55.185983   10.116672    39.479       2.400     1.950     1.870     2.461
1960220441_01   55.115124   10.675304    97.416       1.554     1.897     1.060     2.210
1960220453_01   55.133412   10.114198    30.645       5.615     2.493     4.863     3.750
1960220464_01   55.194256    9.691295    39.119       1.736     5.469     0.392     5.722
1960220491_01   55.335451    9.304125    82.664       2.244    -0.047     2.190     0.484
1960220502_01   55.267299    9.999902   115.888       3.908    -2.181     4.310    -1.194
1960220514_01   55.161801   10.768141    63.947      -0.387     1.996    -0.847     1.847
1970200008_01   56.800538    9.538523    89.172      -2.685     1.614    -2.988     0.938
1970200014_01   56.474949   10.067880    63.832       0.004    -2.001     0.474    -1.943
1970200035_01   56.479872   10.025117    87.600       2.379    -4.470     3.362    -3.783
1970200036_01   56.471066    9.410749    94.374       3.211     4.930     1.959     5.543
1970200069_01   56.721531   10.077052    93.954      -1.629     6.816    -3.183     6.240
1970200093_01   56.718058   10.016623    73.671      -6.406     4.781    -7.346     3.142
1970200111_01   56.638366    9.855775    97.738      -1.711    -1.562    -1.295    -1.919
1970200147_01   56.686701   10.263182    64.771       0.765    -3.051     1.459    -2.785
1970200155_01   56.648961    9.674850    80.720      -5.188     3.927    -5.963     2.598
1970200179_01   56.700046    9.266187    75.605      -6.237    -6.926    -4.431    -8.192
1970200186_01   56.690617    9.772697    90.495      -1.094    -1.015    -0.825    -1.243
1970200189_01   56.435387   10.365431    50.949      -0.668     2.387    -1.210     2.162
1970200195_01   56.626309    9.801178    63.235       1.640    -0.415     1.691    -0.018
1970200201_01   56.643960    9.536860    93.594      -3.638    -1.862    -3.097    -2.662
1970200211_01   56.567265    9.538277    87.879       7.734    -1.709     7.914     0.155
1970200221_01   56.582472    9.160379    92.207      -0.310     0.968    -0.529     0.867
1970200226_01   56.723778    9.981186    79.644      -5.750     2.793    -6.243     1.364
1970200234_01   56.669987    9.422708   114.019      -1.941     1.567    -2.254     1.066
1970200243_01   56.610459    9.294450    39.722       7.980     4.173     6.771     5.927
1970200245_01   56.727752    9.832200   117.469      -1.168    -2.316    -0.591    -2.524
1970200259_01   56.627355    9.198834    43.776       6.138    -1.551     6.327    -0.066
1970200267_01   56.609022    9.217737    87.886       0.843     6.371    -0.679     6.387
1970200271_01   56.658068    9.921233    94.922       2.082    -2.909     2.706    -2.338
1970200278_01   56.657417   10.049942    93.975      -7.815    -0.595    -7.452    -2.412
1970200279_01   56.746178    9.859035   117.504       1.039     6.732    -0.571     6.784
1970200280_01   56.382918   10.386889    64.107      -5.315     4.191    -6.149     2.822
1970200281_01   56.770796   10.065795    72.685      -7.073    -5.194    -5.653    -6.705
1970200351_01   56.853423    9.370139    81.479       3.439    -5.496     4.631    -4.534
1970200355_01   56.677138    9.735672    56.093       0.381    -6.789     1.965    -6.507
1970200361_01   56.480517    9.487844    65.165       0.368    -0.365     0.443    -0.268
1970200392_01   56.641666   10.356103    33.796       0.688    -1.001     0.903    -0.811
1970200424_01   56.742327   10.057208    64.328      -0.198    -4.969     0.974    -4.874
1970200440_01   56.649478    9.940128    41.593       1.587     1.087     1.286     1.429
1970200458_01   56.690850   10.150308    84.605       5.765     1.827     5.172     3.128
1970200484_01   56.692962   10.182208    46.863       6.390     1.465     5.864     2.923
1970200496_01   56.469151   10.273126    37.385       4.997     3.493     4.034     4.568
1970200497_01   56.682064   10.223482    70.416       2.758    -4.786     3.803    -4.002
1970200506_01   56.788823    9.278210    65.832       0.100    -2.140     0.599    -2.055
1970200512_01   56.760446   10.082751    50.359       2.187     0.808     1.935     1.298
1970210003_01   56.164920   10.128252   114.651       6.199    -4.789     7.148    -3.193
1970210004_01   55.725165    9.610129   116.565       2.774    -4.889     3.848    -4.094
1970210005_01   56.474933   10.067860    63.411       0.167    -2.048     0.643    -1.950
1970210007_01   55.727851    9.515480   108.021      -3.379     4.909    -4.440     3.971
1970210010_01   56.391935    9.896337    56.363       1.732    -1.749     2.093    -1.292
1970210016_01   56.096841    9.234127   124.223       0.356     3.423    -0.462     3.408
1970210018_01   56.345120    9.248637   134.065       2.021     6.182     0.507     6.479
1970210019_01   56.125459   10.144445    58.357       1.726    -3.480     2.496    -2.974
1970210022_01   56.255931   10.342005    46.437      -1.926     3.700    -2.742     3.141
1970210023_01   55.490448    9.479146    46.965       1.251    -0.171     1.255     0.129
1970210024_01   55.517522    9.460568    95.112      -0.738    -1.163    -0.442    -1.304
1970210025_01   55.661840    8.734482    70.047      -3.125    -2.029    -2.555    -2.708
1970210027_01   56.104349   10.092229   127.112       2.978     4.665     1.794     5.232
1970210030_01   55.740192    9.113906   105.129      -1.609    -2.644    -0.938    -2.947
1970210047_01   56.127170    9.142659   119.272       7.190    -0.302     7.053     1.398
1970210052_01   56.173202   10.168133   146.268       2.763     3.156     1.941     3.716
1970210060_01   56.101063   10.214699   138.198      -2.196    -2.229    -1.608    -2.682
1970210066_01   56.173938    9.509060    98.214      -1.466    -1.669    -1.031    -1.966
1970210071_01   55.238506    9.447326    44.768       2.208    -2.375     2.706    -1.784
1970210082_01   56.381756    9.670677    58.773       4.557     1.414     4.094     2.444
1970210089_01   56.155714    9.535325    59.731       6.642    -2.547     7.051    -0.911
1970210093_01   55.260729    9.712389    33.398      -6.355     2.501    -6.763     0.926
1970210095_01   55.642575    9.184467   120.244      -5.306     1.461    -5.498     0.167
1970210096_01   56.584827    9.646499    61.627       3.387     0.418     3.192     1.201
1970210101_01   55.325974    9.795914    37.169       3.947    -4.215     4.830    -3.161
1970210103_01   55.488482    9.436897    69.895       0.928    -5.160     2.120    -4.792
1970210106_01   56.133834    9.548604    88.603       3.407     0.825     3.115     1.603
1970210119_01   56.409374    9.184431    95.753       0.779     2.519     0.164     2.630
1970210120_01   55.682112    8.776339    63.115      -2.788     3.074    -3.434     2.328
1970210123_01   55.718418    9.044626    93.151      -4.281    -1.958    -3.695    -2.911
1970210124_01   55.938243    9.212017   120.298       1.125    -1.155     1.365    -0.857
1970210126_01   55.596762    8.732902    66.518       6.191    -5.203     7.242    -3.593
1970210128_01   56.444599    9.232954    82.053      -4.577    -0.310    -4.374    -1.376
1970210129_01   55.957087    9.166913    96.304       0.432     1.836    -0.014     1.885
1970210135_01   56.018621    9.131993   113.015      -3.414     4.905    -4.472     3.960
1970210138_01   55.177513    9.641608    31.481       5.190     6.361     3.535     7.405
1970210143_01   56.470780    9.409724    93.159       6.333     2.027     5.675     3.456
1970210150_01   55.498717    9.624650    43.309      -0.126    -6.486     1.410    -6.329
1970210151_01   55.561591    9.410168   103.990       1.065     2.652     0.408     2.827
1970210156_01   55.962681    9.418222   147.624       7.526    -1.680     7.705     0.140
1970210163_01   56.047092    8.864417    81.823       3.235    -7.155     4.828    -6.188
1970210164_01   56.062779    9.833811    97.194      -0.236    -3.452     0.583    -3.408
1970210165_01   55.287889    9.717112    32.387       4.741    -3.169     5.354    -1.956
1970210167_01   55.641487    9.743180    56.701      -3.870     2.444    -4.336     1.460
1970210171_01   55.948770    9.129856    93.760       3.666     4.628     2.469     5.359
1970210180_01   55.831702    8.753003    79.566      -0.304     2.756    -0.946     2.605
1970210183_01   56.046212    9.039234   101.518      -5.067    -3.097    -4.191    -4.201
1970210184_01   56.361489    8.997457    75.987       3.542    -0.408     3.536     0.435
1970210187_01   56.083708    9.427320   117.595      -6.614     1.909    -6.874     0.297
1970210192_01   56.283972    9.199436    93.552       4.311    -2.636     4.807    -1.548
1970210193_01   56.080909    9.007887   114.814       5.908     5.926     4.340     7.146
1970210201_01   55.561107    9.748285    32.519       2.804    -0.573     2.859     0.105
1970210209_01   56.092442    8.968030    87.719       1.478    -2.518     2.028    -2.098
1970210212_01   55.784109    9.058963   106.863       3.751     1.507     3.287     2.347
1970210215_01   55.978314    9.608417   152.657       2.670    -0.339     2.673     0.299
1970210222_01   55.485410    8.921558    78.384       0.585    -2.491     1.156    -2.281
1970210226_01   55.889855    9.243484   133.154       2.834    -2.047     3.234    -1.321
1970210233_01   56.008681    8.955022    94.121      -1.610     1.835    -1.996     1.403
1970210237_01   56.164042    9.669243    95.771      -4.820     4.755    -5.802     3.484
1970210244_01   56.473492   10.012798    73.150       2.841    -4.328     3.778    -3.537
1970210246_01   55.841330    9.034104   102.469      -5.205     6.983    -6.703     5.556
1970210248_01   55.278483    9.766121    27.766      -4.179    -6.994    -2.404    -7.780
1970210251_01   55.917750    9.473923   148.295      -6.211     0.740    -6.206    -0.745
1970210255_01   56.433981    9.169535    91.906      -5.413    -0.128    -5.228    -1.395
1970210258_01   56.461082    9.190128    88.789      -1.132    -0.450    -0.994    -0.703
1970210262_01   56.037392    9.197144   113.686       4.469    -3.268     5.111    -2.122
1970210265_01   56.159750   10.216019    42.841       5.286    -1.222     5.423     0.057
1970210273_01   56.417103   10.433839    80.733      -3.928     4.668    -4.914     3.611
1970210275_01   55.331338    8.760805    42.262       4.534     0.565     4.269     1.620
1970210276_01   56.057475   10.206989    84.421       5.981     5.903     4.420     7.142
1970210279_01   55.997978    9.246028   106.191      -6.568    -5.575    -5.064    -6.961
1970210283_01   55.833739    8.762323    58.898      -1.409     4.058    -2.327     3.609
1970210287_01   56.347913    9.594395    43.988       7.430    -5.756     8.572    -3.845
1970210288_01   56.170585    9.469519   134.653       1.380    -4.975     2.512    -4.508
1970210289_01   55.665648    9.173250    99.028       5.628    -4.134     6.441    -2.688
1970210290_01   56.219576    9.323805   118.379       1.656     1.735     1.200     2.074
1970210296_01   56.031968    9.599636   146.874       4.591    -6.646     6.024    -5.374
1970210315_01   56.201561    9.197985    96.592       1.874     2.757     1.170     3.119
1970210316_01   56.127280    9.375636   143.421       5.377     1.498     4.868     2.720
1970210319_01   55.960476    9.279992    97.116      -4.622    -5.917    -3.094    -6.835
1970210321_01   56.471270    9.232600    89.732      -3.656     2.355    -4.106     1.429
1970210322_01   56.513126    9.413161   122.213      -4.440     6.223    -5.776     5.002
1970210324_01   56.567266    9.537306    88.205       6.398    -1.759     6.628    -0.207
1970210332_01   56.582450    9.160348    91.659      -0.035    -0.152     0.002    -0.156
1970210333_01   56.627329    9.198816    50.068       7.159    -0.291     7.022     1.397
1970210334_01   55.193708    9.689036    15.984      -4.110    -3.848    -3.080    -4.709
1970210339_01   56.602633    9.288575    34.195       6.688    -1.733     6.904    -0.114
1970210351_01   56.018677    9.818386   111.202      -3.677     5.488    -4.865     4.465
1970210353_01   55.907489    9.195544    95.838       6.816    -4.745     7.739    -3.003
1970210354_01   55.971662    9.110360    84.330       4.271    -6.282     5.629    -5.096
1970210367_01   56.177266   10.231152    45.834      -7.817    -0.908    -7.380    -2.722
1970210368_01   56.480243    9.488260    73.660       0.842     2.234     0.292     2.368
1970210369_01   55.757845    8.793617    76.517       5.140    -3.381     5.789    -2.072
1970210391_01   55.765293    9.271758   144.461      -1.774    -0.419    -1.624    -0.825
1970210397_01   56.333305    9.950858    87.117      -5.172    -3.675    -4.159    -4.786
1970210414_01   55.573110    9.330550   113.555      -7.431     5.347    -8.479     3.439
1970210415_01   55.950905    9.066110   103.413       2.183     2.186     1.604     2.637
1970210416_01   56.124022    9.560081   104.453       7.484    -6.352     8.765    -4.409
1970210424_01   55.710228    9.626771    62.423       5.095     0.757     4.770     1.937
1970210426_01   55.838485    9.897968    65.971       5.935     5.839     4.388     7.071
1970210431_01   56.389025    9.796679    64.193       1.159     3.797     0.232     3.961
1970210434_01   56.328313    9.222014    99.223       2.772     0.322     2.617     0.964
1970210436_01   56.471372    9.257405    55.528      -3.930     6.209    -5.278     5.109
1970210437_01   55.810984    9.528368   119.245      -4.556    -1.815    -3.997    -2.837
1970210438_01   55.915608    8.961442    81.781      -1.501     1.442    -1.798     1.047
1970210439_01   55.838515    9.001300    77.953       2.067     4.282     0.996     4.645
1970210443_01   55.319053    9.638641    30.302      -0.194     1.353    -0.508     1.268
1970210444_01   56.085988    9.498368   159.878       6.848     0.247     6.592     1.851
1970210445_01   56.284206    9.705366   104.032      -4.928    -4.575    -3.710    -5.603
1970210449_01   56.426940    9.435089    59.027      -5.500     4.676    -6.443     3.250
1970210452_01   56.002827    9.943637    96.106       5.827     1.151     5.388     2.490
1970210456_01   55.941204    8.962868    71.725      -2.361    -0.368    -2.206    -0.913
1970210458_01   55.639764    9.742903    59.222       1.305    -0.197     1.314     0.116
1970210459_01   55.542919    9.420656    65.571       1.442    -0.741     1.576    -0.379
1970210469_01   56.029291    9.465811   156.254      -1.207     6.353    -2.669     5.886
1970210476_01   55.478998    9.715720    30.936       1.020    -1.683     1.388    -1.394
1970210484_01   56.064360    9.454688    96.535       0.151     3.392    -0.653     3.331
1970210485_01   56.399499    9.417336    43.090       5.574    -3.142     6.154    -1.743
1970210497_01   56.141111    9.652532   148.133      -5.233    -2.240    -4.555    -3.407
1970210498_01   55.603150    9.134153   110.703      -1.329     3.927    -2.218     3.500
1970210502_01   56.060644    9.675286    67.990       2.896     2.115     2.315     2.736
1970210506_01   55.935036    9.355212    95.190       3.740    -0.111     3.658     0.773
1970210508_01   55.274169    9.609598    30.904       1.303     1.815     0.836     2.071
1970210509_01   55.401168    9.826153    32.252      -5.638    -4.375    -4.442    -5.581
1970210511_01   56.016587    9.142271   100.688       1.166     7.036    -0.527     7.109
1970210519_01   56.189545    9.208182   103.579      -0.308     0.800    -0.488     0.704
1970210522_01   56.427367    9.289679    80.076       1.012     4.371    -0.046     4.483
1970210523_01   55.927662    9.744506    52.429      -4.461     3.261    -5.102     2.116
1970210525_01   55.491710    9.659886    32.968       5.979     3.246     5.039     4.564
1970210531_01   56.359849    9.851442    99.746      -3.068     2.033    -3.458     1.253
1970210533_01   56.458345   10.247479    53.000      -5.407    -0.216    -5.202    -1.481
1970210538_01   55.509429    9.349053    70.321      -0.063     6.373    -1.567     6.175
1970210540_01   55.872015   10.020599    37.183       6.985    -1.321     7.097     0.363
1970210542_01   56.345500    9.069202    78.589      -1.116    -3.259    -0.318    -3.428
